00100100100000000000000000000000000000000000000000000
00000100100000110000000001000000000010000000000000000
00001001111000000000000000100000000011011000000000000
00001110011000000000000000100000000011011000000000000
00110101000000000000000000000000000000000000000000000
00000100100000110000000001000000000010000000000010000
00001101111000000000000000100000000011011000000000001
00001110001000000000000000100000000011011000000000001
00001010001000000000000001000000000100000000000110000
00000100100000110000000001000000000010000000000100000
01001001010100000110000000001000000000000001010000000
01001001010100000110000000001000000000000001010000000
00000100100000001000000000000001000011000000000000000
00000100100000110000000000010000000010000000000000000
00000100100000100000000000100000000000101000000000001
00000111001000000000000000100000000000000000000000000
00010100000000000000000000000000000000000000000001110
00010100010000000000000000000000000000000000000001100
01011001001000001000000100000000000000001000000000000
01011001001000001000000100000000000000001000000000000
00000100100000101000000100000001001011000000000000000
00000100100000101000000100000001001000110000000000001
00000100100000001000000000000001000000100000000000001
00000100000100000000000001000000000000000000000110010
00000100010100000000000001000000000000000000000110000
00010110010100000000000000000000000000000000000001010
00000000000000000000000000000000000000000000000000000
00000100100000110000000010000000000000000000000000010
00010111000100100000000100000000001000000000000001010
00010111010100000000000000000000000000000000000001000
00000100100000001000000010000000100000000000000000010
00000100100000110000000010000000000000000000000000000
10000000000001000000000000000000000000000000000000000
00011000010100000000000000000000000000000000000001010
00000000000000000000000000000000000000000000000000000
00001000000010000000000010000000000000000000000000010
01101000010000000001000000000000000000000000000000000
00001010011000100000000000000100010100000010000000000
00001011000100000000001000000000000000000000000000000
01100111010000000001000000000000000000000000000000000
00011010000100000000000000000000000000000000000001010
00011010010000000000000000000000000000000000000001110
00001011110000001000000010000000100000000000000000010
00001001101000100000000000000100010100000010000000000
00011011000000000000000000000000000000000000000001110
00001001010000100000010000000100010100000110000000000
00001100001000000000000000000010000000000000000000000
00001100011000100000000000000100010100000000000000000
00011100000100000000000000000000000000000000000001010
00011100010100000000000000000000000000000000000001010
00000100100000001000000010000000100000000000000000010
00001101100000010100000010000000000000000000100000010
01001001010100000110000000001000000000000001011000010
01011001001000001000000100000000000000001000000000000
01001101010000100000000000000100010100000000000000000
01100110010000000001000000000000000000000000000000010
01100101110000000001000000000000000000000000000000010
01100110000000000001000000000000000000000000000000000
00000000000000000000000000000000000000000000000000000
00000000000000000000000000000000000000000000000000000
00000000000000000000000000000000000000000000000000000
00000100100000100000100000000100010100000100000000000
00000000000000000000000000000000000000000000000000000
01001001010100000110000000001000000000000001001000010