0010010010000000000000000000000000000000000000000000000000000
0000010010000000000000110000000001000000000010000000000000000
0000011101111000001000000000000000100000000011011000000000000
0000011000111000001000000000000000100000000011011000000000000
0011010100000000000000000000000000000000000000000000000000000
0000010010000000000000110000000001000000000010000000000010000
0000011001110000001000000000000000100000000011011000000000001
0000010111110000001000000000000000100000000011011000000000001
0000101000000000001000000000000001000000000100000000000110000
0000010010000000000000110000000001000000000010000000000100000
0100100101000000000100000110000000001000000000000001010000000
0100100101000000000100000110000000001000000000000001010000000
0000010010000000000000001000000000000001000011000000000000000
0000010010000000000000110000000000010000000010000000000000000
0000010010000000000000100000000000100000000000101000000000001
0000011100110000001000000000000000100000000000000000000000000
0001010000000000000000000000000000000000000000000000000001110
0001010001000000000000000000000000000000000000000000000001100
0101100100000000001000001000000100000000000000001000000000000
0101100100000000001000001000000100000000000000001000000000000
0000010010000000000000101000000100000001001011000000000000000
0000010010000000000000101000000100000001001000110000000000001
0000010010000000000000001000000000000001000000100000000000001
0000010000000000000100000000000001000000000000000000000110010
0000010001000000000100000000000001000000000000000000000110000
0001011001000000000100000000000000000000000000000000000001010
0000000000000000000000000000000000000000000000000000000000000
0000010010000000000000110000000010000000000000000000000000010
0001011100000000000100100000000100000000001000000000000001010
0001011101000000000100000000000000000000000000000000000001000
0000010010000000000000001000000010000000100000000000000000010
0000010010000000000000110000000010000000000000000000000000000
1000000000000000000001000000000000000000000000000000000000000
0001100001000000000100000000000000000000000000000000000001010
0110110111000100000000000001000000000000000000000000000000010
0000100000000000000010000000000010000000000000000000000000010
0000100001110000000000000000000000000000000000000000000000000
0000101001000000001000100000000000000100010100000010000000000
0000101100000000000100000000001000000000000000000000000000000
0000110111000100000000000000000000000000000000000000000000000
0001101000000000000100000000000000000000000000000000000001010
0001101001000000000000000000000000000000000000000000000001110
0000101111000000000000001000000010000000100000000000000000010
0000100110000000001000100000000000000100010100000010000000000
0001101100000000000000000000000000000000000000000000000001110
0000100101000000000000100000010000000100010100000110000000000
0000110000000000001000000000000000000010000000000000000000000
0000110001000000001000100000000000000100010100000000000000000
0001110000000000000100000000000000000000000000000000000001010
0001110001000000000100000000000000000000000000000000000001010
0000010010000000000000001000000010000000100000000000000000010
0000110110000000000000010100000010000000000000000000100000010
0100100101000000000100000110000000001000000000000001011000010
0101100100000000001000001000000100000000000000001000000000000
0100110101000000000000100000000000000100010100000000000000000
0000111000000001001000000000000000000000000000000000000000000
0001111000000000000100000000000000000000000000000000000001010
0001111001000000010000000000000000000000000000000000000001110
0110111100000000000000000001000000000000000000000000000000000
0000000000001000101000000000000000000000000000000000000000000
0000111001000010000000000000000000000000000000000000000000000
0000010010000000000000100000100000000100010100000100000000000
0000000000000000000000000000000000000000000000000000000000000
0100100101000000000100000110000000001000000000000001001000010